camera_matrix:
- - 2743.5926440872727
  - 0.0
  - 2003.8846032162535
- - 0.0
  - 2746.5488491453134
  - 1491.3840073975812
- - 0.0
  - 0.0
  - 1.0
dist_coeff:
- - 0.0783624241859977
  - -0.2672055618919927
  - -0.00042836484872598823
  - -0.00045683322085810163
  - 0.27531976804698666
