camera_matrix:
- - 2948.2506201375527
  - 0.0
  - 1569.0435893845938
- - 0.0
  - 2948.410415415988
  - 2026.9377485946286
- - 0.0
  - 0.0
  - 1.0
dist_coeff:
- - -0.03982525242817364
  - -0.06988939752881446
  - 0.012448666952691964
  - 0.00042132126119657316
  - 0.048106902125940404
