camera_matrix:
- - 800
  - 0.0
  - 400
- - 0.0
  - 800
  - 300
- - 0.0
  - 0.0
  - 1.0
dist_coeff:
- - 0
  - 0
  - 0
  - 0
  - 0
