camera_matrix:
- - 800
  - 0.0
  - 960
- - 0.0
  - 800
  - 540
- - 0.0
  - 0.0
  - 1.0
dist_coeff:
- - 0
  - 0
  - 0
  - 0
  - 0
