camera_matrix:
- - 3183.6782427133944
  - 0.0
  - 807.7273306691174
- - 0.0
  - 42723.47913104985
  - 508.0109258282622
- - 0.0
  - 0.0
  - 1.0
dist_coeff:
- - 2.069165907405739
  - -92.89786922974795
  - -0.0017265489186580577
  - -0.03001648903172142
  - 1373.4864449780139
