camera_matrix:
- - 1591.8391213566972
  - 0.0
  - 403.8636653345587
- - 0.0
  - 21361.739565524924
  - 254.0054629141311
- - 0.0
  - 0.0
  - 1.0
dist_coeff:
- - 2.069165907405739
  - -92.89786922974795
  - -0.0017265489186580577
  - -0.03001648903172142
  - 1373.4864449780139
