camera_matrix:
- - 750
  - 0.0
  - 960
- - 0.0
  - 750
  - 540
- - 0.0
  - 0.0
  - 1.0
dist_coeff:
- - 0
  - 0
  - 0
  - 0
  - 0
